% Wed 31 May 16:13:05 CEST 2017
% TODO get from doodson
function t = tial_constituents()
	t.m2 = 12.4206012/24;
	t.s2 = 12/24;
	t.n2 = 12.65834751/24;
	t.k2 = 11.96723606/24;
	t.k1 = 23.93447213/24;
	t.o1 = 25.81933871/24;
	t.p1 = 24.06588766/24;
	t.q1 = 26.868350/24;
	t.m4 = 6.210300601/24;
	t.s4 = 6/24;
	t.ms4 = 6.103339275/24;
	t.z0 = NaN; 
end
